1
201
1.01600003 0.6226250168749999
1.01600003 0.6717500252499999
1.01600003 0.7208750336249999
1.01600003 0.7700000419999999
1.01600003 0.8000000129999999
1.01600003 0.8481250154999999
1.01600003 0.8962500179999999
1.01600003 0.9443750204999999
1.01600003 0.9925000229999998
1.01600003 1.0406250254999998
1.01600003 1.0887500279999998
1.01600003 1.1368750305
1.01600003 1.185000033
1.01600003 1.200000019
1.01600003 1.24987501974375
1.01600003 1.2997500204875
1.01600003 1.34962502123125
1.01600003 1.399500021975
1.01600003 1.44937502271875
1.01600003 1.4992500234625
1.01600003 1.54912502420625
1.01600003 1.59900002495
1.01600003 1.600000025
1.01600003 1.600000025
1.01600003 1.64820002435
1.01600003 1.6964000236999999
1.01600003 1.7446000230499998
1.01600003 1.7928000224
1.01600003 1.84100002175
1.01600003 1.8892000211
1.01600003 1.93740002045
1.01600003 1.9856000198000001
1.01600003 2.03380001915
1.01600003 2.0820000185
1.01600003 2.13020001785
1.01600003 2.1784000172
1.01600003 2.22660001655
1.01600003 2.2748000159
1.01600003 2.32300001525
1.01600003 2.3712000146000003
1.01600003 2.41940001395
1.01600003 2.4676000133000002
1.01600003 2.51580001265
1.01600003 2.564000012
1.01600003 2.56800002
1.01600003 2.601000075
1.01600003 2.6190000749999998
1.01600003 2.6480000599999998
1.01600003 2.6770000449999998
1.01600003 2.670000075
1.01600003 2.6959999850000003
1.01600003 2.713000065
1.01600003 2.7380000349999998
1.01600003 2.746999985
1.01199996 2.764999985
1.006500005 2.7910000100000003
1.00100005 2.817000035
1.02900004 2.817000035
1.03550005 2.789700035
1.04200006 2.7624000349999998
1.046 2.762380005
1.05599999 2.762600065
1.097 2.7645000250000002
1.10800004 2.7659400749999996
1.11600006 2.765910035
1.13399994 2.768960005
1.148 2.7717499749999996
1.16199994 2.775560025
1.18099999 2.782999995
1.18200004 2.783500075
1.18499994 2.784999965
1.19000006 2.787999985
1.19500005 2.791000005
1.20099998 2.796000005
1.20899999 2.8020000449999998
1.21500003 2.807999965
1.222 2.814000015
1.22800004 2.8209999850000003
1.23399997 2.830999975
1.23899996 2.838000065
1.24199998 2.843999985
1.24800003 2.853999975
1.25800002 2.878000025
1.26300001 2.889999985
1.27999997 2.9309999949999996
1.27999997 2.947000025
1.27999997 2.948000075
1.30999994 2.948000075
1.32799995 2.948000075
1.36099994 2.948000075
1.38 2.948000075
1.41900003 2.948000075
1.41900003 2.909999965
1.37199998 2.909999965
1.37199998 2.892000085
1.4057142742857143 2.8638572235714284
1.4394285685714285 2.835714362142857
1.4731428628571428 2.8075715007142854
1.506857157142857 2.7794286392857144
1.5405714514285715 2.751285777857143
1.5742857457142858 2.7231429164285714
1.60800004 2.695000055
1.64699996 2.6770000449999998
1.6929999633333335 2.6770000449999998
1.7389999666666667 2.6770000449999998
1.78499997 2.6770000449999998
1.8324999633333334 2.670833368333333
1.8799999566666667 2.6646666916666666
1.92749995 2.658500015
1.9749999433333332 2.6523333383333334
2.0224999366666667 2.646166661666667
2.06999993 2.639999985
2.098999975 2.6164999905000004
2.12800002 2.592999996
2.144714287142857 2.552428570285714
2.161428554285714 2.5118571445714286
2.178142821428571 2.4712857188571427
2.1948570885714287 2.430714293142857
2.2115713557142858 2.390142867428571
2.228285622857143 2.3495714417142857
2.24499989 2.3090000159999997
2.260599902 2.2710000166
2.2761999139999998 2.2330000171999997
2.291799926 2.1950000178
2.3073999379999997 2.1570000183999998
2.32299995 2.119000019
2.3409999966666666 2.0756666873333334
2.3590000433333334 2.0323333556666667
2.37700009 1.9890000239999999
2.36249995 2.000000031
2.3629837025000002 1.9555000302499999
2.3634674550000003 1.9110000294999998
2.3639512075 1.86650002875
2.36443496 1.822000028
2.3647019900000004 1.7775000269999999
2.36496902 1.733000026
2.36514652 1.6885000254
2.36532402 1.6440000248
2.365222455 1.600000025
2.36512089 1.5560000252
2.364981415 1.5115000245999999
2.36484194 1.4670000239999998
2.3645880249999998 1.422500023
2.36433411 1.378000022
2.3638755700000003 1.33350002125
2.36341703 1.2890000205
2.36295849 1.24450001975
2.36249995 1.200000019
2.37700009 1.211000026
2.35830778 1.1660769497692307
2.33961547 1.1211538735384616
2.32092316 1.0762307973076923
2.30223085 1.031307721076923
2.28353854 0.9863846448461538
2.26484623 0.9414615686153845
2.2461539200000002 0.8965384923846154
2.22746161 0.8516154161538461
2.2087693 0.8066923399230769
2.19007699 0.7617692636923077
2.17138468 0.7168461874615384
2.15269237 0.6719231112307691
2.13400006 0.6270000349999999
2.0953333877777776 0.6046666983333332
2.0566667155555556 0.5823333616666666
2.018000043333333 0.5600000249999999
1.9793333711111112 0.5376666883333332
1.9406666988888888 0.5153333516666666
1.9020000266666666 0.4930000149999999
1.8633333544444444 0.4706666783333332
1.8246666822222222 0.44833334166666655
1.78600001 0.4260000049999999
1.76800001 0.3890000549999999
1.76800001 0.35000002499999994
1.725000025 0.35000002499999994
1.68200004 0.35000002499999994
1.637714317142857 0.35000002499999994
1.5934285942857143 0.35000002499999994
1.5491428714285713 0.35000002499999994
1.5048571485714286 0.35000002499999994
1.4605714257142857 0.35000002499999994
1.416285702857143 0.35000002499999994
1.37199998 0.35000002499999994
1.37199998 0.31050002499999996
1.37199998 0.271000025
1.41999996 0.271000025
1.41999996 0.23699998499999997
1.3709999733333333 0.23699998499999997
1.3219999866666665 0.23699998499999997
1.273 0.23699998499999997
1.2329999999999999 0.23699998499999997
1.193 0.23699998499999997
1.153 0.23699998499999997
1.1187500075 0.27199998249999996
1.0845000150000002 0.30699997999999995
1.0502500225 0.34199997749999994
1.01600003 0.37699997499999993
1.01600003 0.42612498337499993
1.01600003 0.47524999174999993
1.01600003 0.5243750001249999
1.01600003 0.5735000084999999
1.01600003 0.5735000084999999
